{
    "engcal": [
        0.08295054916876463,
        0.19436630611151365,
        1.2733262151538742e-08
    ],
    "effcal": [
        0.0005337081147451726,
        82.41498562175163,
        1.6610569719958148,
        1.607017710921332,
        0.8498842722482854
    ],
    "unc_effcal": [
        [
            3.1905060463268002e-09,
            2833.702958508223,
            4.877910743921841e-06,
            1.640368075144652e-05,
            -1.5212570012223982e-05
        ],
        [
            2833.702958508223,
            7.316393485222707e+16,
            14267798.942943385,
            26299273.749239538,
            -19063850.124626845
        ],
        [
            4.877910743921841e-06,
            14267798.942943385,
            0.01500713259691625,
            0.03852693848651797,
            -0.029936231352112146
        ],
        [
            1.640368075144652e-05,
            26299273.749239538,
            0.03852693848651797,
            0.11300361522207852,
            -0.09305698598352347
        ],
        [
            -1.5212570012223982e-05,
            -19063850.124626845,
            -0.029936231352112146,
            -0.09305698598352347,
            0.08034701783137116
        ]
    ],
    "rescal": [
        1.8333043913640257,
        0.0004056573114334968
    ],
    "_calib_data": {
        "engcal": {
            "channel": [
                3403.5308607770876,
                626.2033531673522,
                1258.6309658541156,
                1520.5358746388276,
                1770.817007444509,
                1891.6680290615257,
                2114.5913515603183,
                2283.346246363651,
                2513.3786929915427,
                2901.7503523315486,
                3015.158396893618,
                3490.07966229184,
                3541.650480253639,
                4005.780423437373,
                4460.585496277607,
                4727.826068206833,
                4957.737191817202,
                5169.235605825549,
                5583.843417751758,
                5604.212198536905,
                5718.7989948864515,
                6237.463176141345,
                6680.757202497529,
                7240.477926612309,
                7500.495799999999,
                7858.190233435329,
                409.16396338376,
                416.1592259670524,
                825.9542931532948,
                1148.0101688030709,
                1421.4318087745503,
                1557.5125715249967,
                1830.9008613402827,
                1974.0319792295966
            ],
            "energy": [
                661.657,
                121.7817,
                244.6974,
                295.9387,
                344.2785,
                367.7891,
                411.1165,
                443.9606,
                488.6792,
                563.986,
                586.2648,
                678.623,
                688.67,
                778.9045,
                867.38,
                919.337,
                964.057,
                1005.27,
                1085.837,
                1089.737,
                1112.076,
                1212.948,
                1299.142,
                1408.013,
                1457.643,
                1528.1,
                79.6142,
                80.9979,
                160.612,
                223.2368,
                276.3989,
                302.8508,
                356.0129,
                383.8485
            ],
            "unc_channel": [
                0.01186673804929907,
                0.012168376464257835,
                0.01082011931551701,
                0.06319007138506665,
                0.0046554224859135735,
                0.04963107259720859,
                0.023206413082327477,
                0.020513526273178446,
                0.07035934297675137,
                0.1742587831285551,
                0.2100062174724321,
                0.17122644102711362,
                0.0773259528108139,
                0.014781164413223852,
                0.024961461987648762,
                0.12830469547058135,
                0.021754013654739238,
                0.10748582858505211,
                0.01788287023908849,
                0.047670557659180546,
                0.01876445167725192,
                0.06300395148372327,
                0.06751247322442981,
                0.018673029186501034,
                1.0294737747651317,
                0.1561413367362939,
                0.19881275145724092,
                0.019532476678895263,
                0.02941961608326502,
                0.045792063817115626,
                0.0049048488330059575,
                0.00406474935994802,
                0.009648932923402936,
                0.005816146571681808
            ],
            "fit": [
                0.08295054916876463,
                0.19436630611151365,
                1.2733262151538742e-08
            ],
            "unc": [
                [
                    0.0007956845851302829,
                    -5.89134991780415e-07,
                    7.636951454994492e-11
                ],
                [
                    -5.89134991780415e-07,
                    4.6264945112752424e-10,
                    -6.19780524922479e-14
                ],
                [
                    7.636951454994492e-11,
                    -6.19780524922479e-14,
                    8.814335136151131e-18
                ]
            ]
        },
        "rescal": {
            "channel": [
                3403.5308607770876,
                626.2033531673522,
                1258.6309658541156,
                1770.817007444509,
                1891.6680290615257,
                2114.5913515603183,
                2283.346246363651,
                2513.3786929915427,
                2901.7503523315486,
                3015.158396893618,
                3490.07966229184,
                3541.650480253639,
                4005.780423437373,
                4460.585496277607,
                4727.826068206833,
                4957.737191817202,
                5169.235605825549,
                5583.843417751758,
                5718.7989948864515,
                6237.463176141345,
                6680.757202497529,
                7240.477926612309,
                7500.495799999999,
                7858.190233435329,
                409.16396338376,
                416.1592259670524,
                825.9542931532948,
                1148.0101688030709,
                1421.4318087745503,
                1557.5125715249967,
                1830.9008613402827,
                1974.0319792295966
            ],
            "width": [
                3.2245860440990985,
                2.0843352963647637,
                2.328202868574738,
                2.5497964370738346,
                2.832599531242201,
                2.800814864386819,
                2.7246154024779226,
                2.5666176133639262,
                4.739399999999999,
                2.8658677380293285,
                3.8565448777517566,
                3.4584635293360186,
                3.441569328797426,
                3.666160833295958,
                3.5621334960129145,
                3.8677016742604704,
                3.9909391468505713,
                4.061586105964476,
                4.170271880774176,
                4.155071747468247,
                4.536434806866811,
                4.8094491097927605,
                7.458110461951692,
                3.8466529677040757,
                3.2453999999994063,
                1.9185346557392458,
                2.1904538378704523,
                2.311988748828935,
                2.3954526784430956,
                2.472703199855992,
                2.5675825142202893,
                2.646695299571383
            ],
            "unc_width": [
                0.0287908181416725,
                0.03276148358972046,
                0.03016340948492694,
                0.01213771507394982,
                0.15517445040132774,
                0.06894987831943242,
                0.058338157188837655,
                0.22109963241717603,
                0.570296943146902,
                0.6688472726676575,
                0.5582679471632247,
                0.24375833426418508,
                0.03918801343106463,
                0.0720699437176926,
                0.41116554348338563,
                0.05736088944807554,
                0.33458710686359117,
                0.04891915459645842,
                0.04942260570837816,
                0.18417266846448968,
                0.18577388213957974,
                0.04665324204060341,
                2.229203385678439,
                0.4409160959704176,
                0.5377526130724353,
                0.050193988712372066,
                0.095009041706917,
                0.14828191704274907,
                0.013722219555526532,
                0.010753322353518793,
                0.023867356712647163,
                0.015149730694422662
            ],
            "fit": [
                1.8333043913640257,
                0.0004056573114334968
            ],
            "unc": [
                [
                    0.00029253782273950786,
                    -1.1270943381961455e-07
                ],
                [
                    -1.1270943381961455e-07,
                    5.74642913510599e-11
                ]
            ]
        },
        "effcal": {
            "energy": [
                661.657,
                121.7817,
                244.6974,
                344.2785,
                367.7891,
                411.1165,
                488.6792,
                563.986,
                586.2648,
                678.623,
                688.67,
                778.9045,
                867.38,
                919.337,
                964.057,
                1005.27,
                1085.837,
                1089.737,
                1112.076,
                1212.948,
                1299.142,
                1408.013,
                1528.1,
                80.9979,
                160.612,
                223.2368,
                276.3989,
                302.8508,
                356.0129,
                383.8485
            ],
            "efficiency": [
                0.00016259281205240793,
                0.0004562477196475995,
                0.00033292460144920214,
                0.0002640654800676886,
                0.0002632511931062892,
                0.00023547769484166104,
                0.00022895846341358105,
                0.0002387815145045175,
                0.00017169321554277834,
                0.0001797787483190008,
                0.00015446690016649936,
                0.00014925772965135986,
                0.00013388620883350686,
                0.00015304137152884412,
                0.00012671642514279358,
                0.000134707619604027,
                0.0001131435295792332,
                0.00010748192225945354,
                0.00011495778814745488,
                0.00011470584002194905,
                9.99395779979189e-05,
                9.635495526950912e-05,
                9.038680249337309e-05,
                0.0004744924047669495,
                0.00044794869142514114,
                0.0003332962167798438,
                0.0003153805322987794,
                0.00029141291936298755,
                0.00026205047129281754,
                0.00024399285141520692
            ],
            "unc_efficiency": [
                1.9706469302761916e-06,
                8.352844843259401e-06,
                4.802804572557793e-06,
                2.4669458388341124e-06,
                1.2879403863744608e-05,
                5.6465696121106375e-06,
                1.726543353571812e-05,
                2.4375312551670376e-05,
                3.4546186088968065e-05,
                2.2117464175960674e-05,
                9.590628918292307e-06,
                2.1199462424346707e-06,
                2.7768045901270725e-06,
                1.5332909359770947e-05,
                2.227130671442174e-06,
                1.0348897131344187e-05,
                1.583695062090503e-06,
                4.129005993516034e-06,
                1.6949042820340164e-06,
                4.991121577090298e-06,
                4.36433078744775e-06,
                1.2358717142330249e-06,
                1.0648042159175316e-05,
                1.5534282735565192e-05,
                1.6918232437521585e-05,
                1.8268694863636535e-05,
                2.9467942127637964e-06,
                2.5707367768180206e-06,
                1.34615331024429e-05,
                2.3446544819451695e-06
            ],
            "fit": [
                0.0005337081147451726,
                82.41498562175163,
                1.6610569719958148,
                1.607017710921332,
                0.8498842722482854
            ],
            "unc": [
                [
                    3.1905060463268002e-09,
                    2833.702958508223,
                    4.877910743921841e-06,
                    1.640368075144652e-05,
                    -1.5212570012223982e-05
                ],
                [
                    2833.702958508223,
                    7.316393485222707e+16,
                    14267798.942943385,
                    26299273.749239538,
                    -19063850.124626845
                ],
                [
                    4.877910743921841e-06,
                    14267798.942943385,
                    0.01500713259691625,
                    0.03852693848651797,
                    -0.029936231352112146
                ],
                [
                    1.640368075144652e-05,
                    26299273.749239538,
                    0.03852693848651797,
                    0.11300361522207852,
                    -0.09305698598352347
                ],
                [
                    -1.5212570012223982e-05,
                    -19063850.124626845,
                    -0.029936231352112146,
                    -0.09305698598352347,
                    0.08034701783137116
                ]
            ]
        }
    }
}